046823571 312133021300211302203311
043782561 33112030213122003113
125487036 03120031302213120331
768051234 33021120031130021120313
302864571 21133020211330221300211300311
235061478 03130221330221133
485703612 3021130021120031312031
618704235 1203021330221313002113
524138706 03022113031220313020311
726038154 0312133002213120313
628037415 03112033022131203312031
410386725 12203113002113
384105627 0213130021120331220331
278061543 1300311202033122031213031
018736425 3121303022113302203113
638407152 312030212133002213031213
371456208 00213120313020312203311
128567403 30021130203122133
436287105 3021300221130021313
672180534 1200213312203031213
756321084 3030212031130021120331
107632458 31203112021330213
860735124 12130221300211300311200311
102384756 121330203112031220313
352847601 0312203312203302213302131
426518073 3300211302203311
573062418 3120031312200311302120313
835170264 120302213021130203131
425617083 330021130221302033112031
207854136 31213020311202130021331
782415360 220302131302031120213031
014258736 31130021130221330021120331
253614807 0213302213002113302120331
180624753 1220331120021303112031
407286513 213120331200312021331220331
260534817 2130212133022130021331
376425810 020213302113002112003311
356478012 30213300221313002131
216573480 20021330221133020311
142085763 302133122003121300311
450631872 122130031220331120302131
783041256 0312130203130212130203311
216734085 0031213300211302120331
745803612 12003131220033120311
246051837 031302121330221302033120311
163245087 30031221330021213031
025418763 33112203031202113031
143782605 302031122033021312031
163750248 21203031213002131
684721530 020311203122030213031213
834520671 20312120033112203302112003311
314257068 300213302213312203312031
185673240 2203130212030311200311
124873506 2031300213122030311
546013287 3021330211203130021213031
138547620 00221312003113022133
086715423 3120331213020312130221300311
416725380 220031302113020311
612548370 2020312133022133020311
867234150 002113002211330202113031
642708153 2130203121303120203311
436215807 030221133022130021331
213564870 0202131300221312030311
621305748 0213031202131300221331
743580612 2120031130212003113
842103765 021303112031
128067543 1330021130203122133
738150642 21300212031120031312031
724530681 1203021203131220331200311
508613427 1203130211300212133
641802357 203312213302213302203311
736820415 02113002112003112030311
512843760 002120331120203311
310562784 12203121330212030311
728036451 0311302120313002213312031
648530271 220331221300311203021203131
510326847 1220313021213302213031
680417532 211200313120302121330213
623851740 202130312203302213031213
274085361 3031120213020313021203131
462183075 300211300311220331
845760123 213022130203121302033120311
456732081 33002113002112003131
135206784 21330021120331
053674812 13120330221330213120302113
673182054 30203131220031312203312031
435718260 00211200331213002131
631284057 3030221331220331200211330213
641723850 02120033112020331213
032871645 131203302131220031213031
423716085 33002112003311
781435260 0203112021302031120331
584260371 221303120031120203312203311
548263017 330022113031200312021331
073614852 3120331120302131220331
026157384 1133002121330221300311
846571023 03120031302131202033112031
015874623 311302031122033122030311
517042683 312003311200311202133
614075238 3120031203312021313002131
216785340 02213020312133002113
284157036 031302031213022130021313
654738021 330221300211300312021313
186375204 00211300213312030221313
167380524 21300212031302213120313
671348025 030213120313020312203113
503872146 12130031120021133020311
258403167 30211302213300221331
760583214 1202113302021130021133
538427160 0021130221330022130311
748235601 0203131220330213120203311
183654072 300311203021213031220331
231675084 031200331120021330221331
452768103 20313002120331213020311
105762483 2113020331122030311
254876301 203130212030312021331
416702853 1200331120031213
247580136 022113030221331220313020311
437052816 303120213120031203311
173246805 02031130021203112003311
426137058 00312130302213120313
781530246 220331221302031213031
826075431 331203021312020331120213031
645713082 03021330213120302113
783621054 003131220330221303112031
621874305 203302131220302133120031213
635814720 00212133022130203121330213
026843175 1133002213312003112031
054713682 331212003311200312203311
275834610 220031312030212031120331
584670321 1202130031120203312203311
216758403 20302131300221313020311
376841502 20302133021130212003131
084765231 1313020312120031120031312031
125038476 0313022113031
046387125 133120213002133120302113
610832547 122033122133022133
765302814 031213002120331212030311
861754320 0203121302213020331221300311
206384175 3122133020312021313
846213750 0022133120031120021331
018235764 31213300211203312031
310278564 1202133022131302120313
548632017 33022130021330213120302131
607283514 2131203031202131302120331
768021435 33021120031120313002113
571620348 22033122031120313020311
167825034 00331202130312130212030311
874061235 0331220331212003113002113
036247581 13130212031300221133
283417605 203312002113031
126437085 0031312030221133
213485670 02021133002120331213
306824517 2133022131203130202113031
527481036 03031212003312203112030311
570318624 12203130211200311302120313
251306874 130021203130212031120331
725310486 021213302203311220331
650371824 22133122033022133120302113
063425718 130312130021203131
568437012 0313002120311300212133
086751432 31302131202033112021300311
134068752 1330213002131220313
736045128 13030212031213020312133
403167852 31120031202130311220331
803745612 112030213031120302131
427810356 021312203130212003311
207865341 31212030213312030213122003311
840612357 112200313122033122003311
613024857 031312021303120213031
247631805 200313021203112033120213031
673042185 031213020313122003131
738104562 30212031130212003113
370642815 2112030213302112033120213031
502874136 12130021331220313020311
146283507 3022031213300211302203311
480357126 2131203022113302021313002131
186327054 3302031221330203122133
243678015 30213302021313
850274613 22131203302213302131200311
201837465 312031122030213120331
063278145 11300211330213
238714065 03302213312031
402718365 11200311302031213
860273145 12021130312002113031
306278541 2131300211203021313
081573642 31203312120033112203302131
085127634 313022131302120303112031
071826345 331220331212031302031213
538127604 203130022113302021133
645180372 22031213031202033120311
052176834 13130212030311
683504127 03121300212130302213031213
267503184 03122133020213120331
057281634 13312203312003120213120331
361840752 02121303122030213302113
187205643 203312021312030311200311
621754380 20302131220302131302031213
310527846 1202130312021312030311
548613207 3022130203312031120203311
630741285 213122030213031213002131
780316425 21120031120330211302031213
321680574 02112033122033022133021312031
035642871 3121302033112030212033120311
327651408 0302120313120213302031213
740812356 11220031130212003311
258364701 03021203131203021203131
632158704 0021133021203031213
146830725 021130021213031220313
361082745 03312021313002213302113
021756438 1303121200311203302113
285613704 003122133022130021133
527180346 022113031202133020311
761835024 0303122031130021120331
421857630 20312203031122003131
765041382 0313122030213031213020311
380415627 1122033120021130302131
147206358 03112203021312003113002113
754682130 202130031120203112003311
740631852 12203311203122003131
786231540 200312130203122031120313
806357241 1213300211300212031213031
852467103 031202031213002130311
078531246 331220331221302031213031
208641753 120331120031120203131
057631428 3312203312120031120313
675013284 3021330211302120313002113
186703425 2130031202113302203113
425317680 0021130221330220331213
630875214 212133020211300211330213
061274853 1303112003112203021331
403562817 31202113302213002130311
130684527 121300211203312203312031
175238460 020311202031302211300311
318720654 122030213302213312031
065412837 331122033120021130031213
513604278 312021330220312133
504321678 312203312213020331213
628103475 3022113302031213
523701648 302121302033122133
405821673 3121203031122003311
625134087 003121330213002213120331
748630512 22031302113002112003113
607512834 21303120213130212030311
284637051 330203122133022130021313
437621850 203021213031202130203131
402681753 130212033112003112031
418350267 02113022133020312203131
830247156 22113002113031202133
825716430 0021130220331120213031
723140856 021203112003311
723584106 030212130203112003311
243856170 022130021331
573012648 031312200311302120313
562704381 31220331220302113031200311
471608352 031120213020331203112031
617804532 20311300211300212133022133
781523640 0203122031120331200311
287314650 00212031213300212133022133
046783521 331120302131220031302113
741620583 22033112200331213
745310268 2203130211200331213002131
481302675 031221330220331213
360875241 12021133021300212031213031
748356102 302203112031300212031312031
387160524 203120213130021120313
837612045 0303120213120303112031
425781306 030213122003113020311
230681547 211203312203312002113031
628051734 1303122033022131302031213
583107642 302213120330213120302131
840163572 1220311203130212003131
017346528 1303120213302112003113
361705284 302131220330221313002131
560182734 11200211303122030311
831526470 020312203121300311
580613742 2213130022131302031213020311
034562187 33120211300211330221300311
731026458 133020312203311220313
413562078 330220331120302113
038476521 1331203021130212003113
486132570 20203112003130211302213031
627840351 12203031202130312130212003311
650148723 22131302031213020311
081534726 31302112003130212130203311
843125670 02203112033122003131
350728164 2113022130021133002131
650173842 2213120330213120302113
053421768 313021120033122133
154670283 12020331220312130203113
174806523 130212003312203112003311
580617324 21130221302031302113022133
064183527 331220312133022130203113
216805473 2133021200312133002113
038417265 133120213300212031312031
734652108 00312213020311200331213
653047821 3120031312030212033122133
521068347 133020312203130212133
402351867 3122133021203031122003131
571634208 3022033122133022031120331
254107368 312030221130203130221331
321876450 2020331220312133002113
745632180 022130203131220033120311
170382645 1221330203112021330213
135028746 3312021330021120331
086527341 3113002112003113022130203311
508174236 2131300211302120313002131
387561042 30302213312003120211300311
806245731 1120031213302130021203113
137468205 030213120021130203131
476125083 030311200312021130021313
518463027 003130211300212133
657231084 00313021130221330220312133
153704826 1200313022130311
278643015 30213003112002113031
186527403 3020312130203122133
637451802 0031202130311203122003131
106753248 11203302113002131
701362584 312213302203112030311
103725468 1120033121300221331
786435012 0031120313002213031213002113
543827160 220031302213120031203311
326058417 313002120312133020311
230648517 212133022130021313
234507168 2130302213312203312031
738614250 00212133022031120313
021874653 3311220303112203021331
487256310 002113002113022133022033120311
714326580 022033120311220313
714203685 20311200331120021331
257648310 0221330221330203120213120331
231076854 331203021312203021331
617820543 2203312213031200311202133
058762341 33121203130212030211300311
350687142 2121303120021130302131
602873514 11203021303112031220331
268154073 3030221313002113020311
367150482 02213312030212133
017368245 113002133022133120213031
567480312 212030311200311200211300311
218074653 303112203031120021331
370561284 120311202130021330221313
153048726 30312130021312031
264837015 3302031213022130021331
105724368 31212003312021313020311
527830146 22133002213312021300311
048231765 3130212031312031
408617235 1312021302031302131200311
305627184 11302213302021133002131
560382174 221133021300221313002131
480625713 21130021130220331213
813562407 302213302120031213031
378140265 20213312203130021312031
863240715 20211303120213002113031
241356807 02133022130203312203131
130864725 12130021213031220313
805346172 12130021331200311200311
856013247 13030211300212031213031
802736154 1130221300211330203112031
360817245 221133002120311302213031
138764205 0312203130021312031
641572038 031200331220331213
805142637 21303112203312021300311
074512683 33112200311200331213
327150468 021312030221130302131
207681345 121302031302120313120213031
385701426 02133021120031120331
327406158 0312213002131203302113
415830672 2120331220033120311
285603471 03122133021203021133
658312407 30021203121330213002131
360158742 211300221313002131
143687025 0331220303112203302131
024371658 331120213302203312203113
837642510 00211200313122033122003131
801354762 31202130311200213302131
627083541 0331221330212030213120313
371458620 200213120331200312203311
017325864 313021130221330221300311
340285716 12021312033022113031
520384176 221130302213302131
431087256 33122031302031212003311
053817246 312130203131202133
274351680 20203130212031312203312031
324651807 003122033122133022130203311
302568471 21133021203021133020311
173084265 3312203021312003131
071865234 3312120031130021120331
423516780 0021203311
140758263 120311220313020311200311
462538701 3020312130021203311
645123870 0220312130203311200311
845316027 0031130221302033120311
415302867 2031312030221312003131
867524130 00211300221133020211300311
432671580 2203302131220031312031
430516782 2120331120302113
162057348 1303120213302031213
175208364 130202113020312133002131
361758420 0022133021120031120313
085126743 3113002213130203112031
187645302 2030311220303112021300311
152647803 02130312021300311
142670835 12203312003112203312031
365478210 2002113302130021203131
432586071 3003112030211302203311
017683524 3130211300212133022133
382417560 220331200312021133002113
854012736 303120213130203112031
534810267 02131220312003131202133
136052478 130302113
276840513 212030213130021130212030311
263140578 120021133022133
527416038 031300221331202133020311
531062784 03312203121330212030311
418362075 3020331203112031
482650173 202113002133120031213
640178235 221313002131220313002113
652874310 02213302213302021130031213
725416083 3300211302203311220331
142735860 020311220331
285016734 313002113002213312031
168572430 20213003112003112031
075843261 3131220031302112003131
534176802 30022131200313022130311
731258064 302133020312203312120313
351064278 13302031120021330221313
703412568 113022033112203302113
472831506 30203112203302112003311
246853071 302130312200313021203113
435286107 300221130021331
321645087 30031220331221330221300311
643512078 0031120331220031312031
256478310 021203130021130022113031
502436871 1130212033120021133020311
263104578 3120021133022133
534170826 022131200313022130311
328647015 303022113002113302031213
036584217 1133021300221130021133
872163054 30021303112031220313
538014726 313002131203022130311
518670324 2130221302031302113022133
738261540 20302120311302120313
817402563 2033112203021312003311
564280173 22133002130221313020311
064312785 13021130302131220331
431208567 13022133020312203311
385720614 21203031120302213302131
071582436 1312003312203112030311
873261054 033122003112003131220331
765804312 30211200311200313120302113
268075143 130021130302131200311
782410365 0212033112203130203112031
120835467 122033121302021133
270584631 11220033112020331122003113
670541283 1122030213031212003113
362714508 203302213302113
712654380 22003131220331200311
523461708 03021120033122133
830176245 22131203031213002113
715386420 220031120331200311200311
081543627 13031212003113022133
753021864 0313122033022130311
513642780 22033122003113022133
763504281 302131220031302112003113
562108734 02113302120313020311
048371526 13312203021331203021312031
430527816 21302213120031203311
648273150 2021300213302113002113
630128574 21130022131203031213
053874621 33112203031122003312203311
607132485 31203112030221130031213
257640183 120203312021130021133
487503621 30213122033021130212003113
576810324 1220031120031312203302113
463872501 20303112030213122003131
637158042 30021133020312021312003113
541306872 2130312020331120203311
042173586 130311220313
526710438 122031300221313020311
104765283 21130203130213122030311
681702543 213003122031213031200311
285674103 02130302213302131200311
306527148 21330221130021133
581723460 0220331120203121300311
086731542 31120330211302120031213031
572186430 2003112030221133020311
576408321 13022130021130021130302113
456127380 02130221330021203113002131
306421587 13122033120021133002113
435786201 300221312003112003131
423678501 0213302130021203311
234510867 1220330221331220313
318265407 0021330221313022133
432768051 33021300213122003113
261053874 3031202131300221312030311
617845032 00331120213003112021300311
023178456 113030221130203311
210357846 122031213300213120213031
762301548 302120311203302113
402673851 31122033021120033112031
106873524 13021130021213031202133
286130754 0213120302213312031
275634108 30203121302213302021133
720536841 112030212031130212030311
602713458 12033112021330213
782031645 33021203312120303112031
251483670 22003312203113022133
358406712 1203302211330213002131
826145307 0302211330221330203112031
025478136 1312003112033022113031
154872036 031200331202130311
431827650 203122030311220033120311
036728451 1133002120311203021313
045276138 13120031130021203131
831056274 0331221300213312030221313
586417302 2033120031202113031200311
018652437 33121302213003112031
431650782 120031220331213
054267381 11330221330221300312021331
876053412 0313021130021120031120331
685370241 220312133021300212031213031
250816743 221313002213130203112031
603471582 213302131220031302113
723465018 00331212031300221331
463218507 0021133022130021313
387460512 20312021313002112003113
827563104 30022113031200211300311
715846032 00313120031122030311
748316205 2003112003130211302031213
205134678 130221331220313022133
713265408 2003312120313002131
206417538 112003131202133002113
268370451 120302120312133002113
354672180 2020331221330202130311
452708163 3120021130203112003311
405183627 21313021203031122030311
853762410 0212031300221313020311200311
851746320 220302133120031120203311
527810643 021213031202033122133
385167402 03120021130302131
704132568 31220311200331213
031487562 13312203031212003311
356420718 21203021130302113
672013548 302131203031213
274150638 20213302131220331200311
471382506 0031120213302203311
658423710 02120302113003112003112031
273608415 120302131203312031
823765104 020331120213030221331
173426508 0021312003113
518260374 220311203302113021203031213
126378540 022031302213120313
534816702 30021120031120331220313
802613574 120331212031302120331
508412376 311220313020211300311
412068573 1303120203311
483270165 120021130021331
467138205 30021312021330021203113
152378640 22031302120313020311
370456218 12213002113030221133
403578621 21312003131203021203311
831576024 03130203122130203121300311
370154268 12021312003312021313002131
584120637 0213120302213120331200311
143527860 20021312003131202133
723160845 2130021203112003311
138054627 313002112031302120313
270635841 21130021213031202130021331
350746218 211203021313002131
318275640 0202133022131203312031
046187235 1302131200311300211302213031
623704851 130212033120302213031213
532416078 03021133020311
425768301 20331203021312020331213
863421750 220031302120331221330213
713508624 1200311302120313
617523408 200312033120213120313
470683251 1221330202131203021313
821750463 203122033112021300311
038614275 3121300213302213312031
584027631 03131203021203112033122030311
413782506 03122003113
083752146 331221300211330203112031
027351486 133021203131202133020311
582374160 20021130302213302131
265137084 3302031202113302213031
840621753 12203311202033112031
160385274 2211300213312030221313
817604235 12003113002131220331220331
203861745 21130302120331120213031
563184027 03031213002121303022130311
167534820 0021130021213302213031
236054817 130302113022130021331
608524371 112033021130212030213031213
017583642 331212030213130212003113
073158264 13130202113020312133
763450182 2021130021303112203302131
718652304 20033112031220303112031
031564728 3130221330211200312133
056312784 13312030221313002131
785604321 3122003131220302130311200311
752816403 300211200331212030311
380167245 21302211302133002113
784602135 120033121203021303112031
145870263 122031302031122030311
152836407 30221300311
563028714 3021133022130021133
437512806 003120213120031203311
576034182 33120021130021130302113
851734602 03122030213031120203311
310846725 21203312203113002113
075683124 1313020211300211300311200311
234507168 2130302213312203312031
513428607 2003113022133
210783546 1221300213302211300311
510674823 2113022033122031130212030311
816372540 0220312133021300212133
320165478 12021133002131
674381205 0203130212130203131220331
483701526 0213120031302112003311
581342067 3003122133022033122133
530168427 12130021302211300311
486203175 031202113302021313
621408357 021133020312213302203311
852704136 20312130021331220313020311
283541076 030211303021203311
642518703 2003121303120203311
051248673 312133022033121302203311
248061537 033121302213302031120203311
507628143 12130302213312021300311
704613582 120331203112203302113
387251460 002131203022133022113031
086437125 31120313002120311302213031
582730614 212030311203022130311
126758034 330021120313020311
618207435 02131300211300221133
345128607 203130202113300221331
571382640 2200331120203131220313020311
103754268 211302031312203312031
806273145 2113003120211330213
372614805 200313021203312120033112031
506247831 1302213130212030312021331
421086573 130031220331120031213
318652407 30220312133002113002113
248673051 033122003130212031312031
620183457 121300221130031213
584706312 1203312003112002130311
710532684 1120203131220331200311
157468302 2033021312021300311200311
320857416 2112033022131203302131
206513478 21330221133020311
753610284 2213020313122033022130311
024385176 113003120213302131
786410352 021203311220303121302031213
482065317 0311203130202113003112031
317654280 0021213030221331220330221331
256471830 002213312030213122003311
841752360 2200331213022033112031
658271340 202031120331220330221331200311
240851736 12130220331120203131
431760258 2120313020312203311
748520361 1220031302113021200331213
516283470 0220312133002113020311
682154730 20021130312203031213
730865124 1212031300212031120331
240863571 12120313021203021331
056734281 3131220330211200312133
732106485 02113302021312003311
147850362 2031122030213120033120311
756081423 3302113021200331212030311
264015837 3130021130022131302120331
731026584 133020312203112030311
836107524 3022130312130021120313
417268503 0203130213120021130203311
371658024 33022033122031120313002131
274316508 02031130021203131220313
627504831 30213122033122030213031213
685327140 0022113300221133002113
630814275 2121302031213031220331
584602173 213003112002130311
715802436 1200331212030311
248051673 13020331120031120203131
742601853 31220031120033112031
361408725 130022133021203113
605341872 112033122030213031213020311
385076241 31302213002113030221331
125743608 2031300213120031213
803741625 112003130212033112031
236518704 20313002213120313
765328014 3300212031213030221133
261308745 13002120313021203113
650834271 1221300311202031302120331213
564278013 302133002130221313020311
402756138 112031300212033120311
357842160 0021312021300213302131
602817345 120312130312021330203112031
632785014 3302213002113302031213
538627401 300211300212033122133
312784056 303122031200312133020311
085126437 1313022133020311200311
038714256 1133002120311302120313
802736415 312120313002213312003112031
208163745 130211300221313
218753460 220302131300221331200311
403175862 21303112203302131
105784326 131220331200311200311
674810532 1220031203311200311220331
734856012 0313002112003131220313
147856230 20312003112203021312003131
631827540 0203122033122133022133
084632175 33122130021303112031
713842560 20312200311302120331
048536271 312133021300212031312031
630715428 212033112021330213002131
780152364 1221330021203312120303112031
845073621 31302120302130311200311
538270164 0221313022130021133
253860741 21203130212033120021133
728354160 02203121330022131203312031
503874162 311202130031202130311
783065421 130031120302121302031120331
413625708 020331213002131
052836174 3121300211330212030311
276815034 0302133021130212030311
653104782 30221330213120302113
702683145 121300213031120213031
613748025 0312003121330213
023647158 313120213302021313
867051324 0331212003312203312130212030311
254137860 00213120302213120331
650781432 1120203311202033122133
146328570 0021213302203312021331
418267035 003130221312003113002113
210736485 122033112003122133002131
784620513 2031212003112003131200311
427085613 31300213122033122003311
642503781 20331120302120331213
180275463 11202133020311200311
235168074 33021300221331
816305724 2031213302120313002113
732140865 02120313122003131
230145867 1120302213120331
843510672 2120033112203031212003311
254378601 2031302120313020312021331
350612847 2120331221330221300311
278610435 1220302131203302131200311
842031567 1303122003131202130203311
681507432 312003122031213031200311
721453806 0203112003312203131
016274835 133021130212003312203131
462058317 313002121302031302113
726581043 3030213122003312120313
814752063 00312033112002130311
613874025 03120031213031220331
032854176 312130302213302131
371845062 0033112020331212030311
582163740 200311203022130311
058467213 113031200312021130021331
214568037 33022130021303120213302113
238471065 0331220313002213312031
802431765 3120311220031213031
815273064 00331120213020313022130311
705834621 11203312030212031120331
470521368 120213120033121302203311
532674018 302133020211330212030311
015476382 13312200331213020311
368175204 3002211302133002113
215678430 202031213302031213020311
502487136 1213002113031202133020311
486572013 300312021130021331200311
027451836 331202130312120033120311
284530716 21300221330221331200311
461827503 302031213022130203311
714658320 22003312031122030311200311
483607152 21330220311200311302213031
478305216 021312030213130021312031
785630124 213022130021303112021300311
834601257 031220331213022130203131
135024876 3120331220313002131
318267540 02021330221133022133
210438765 120311220302113031
316547802 0203121330021130021213031
842156730 200213312003112031
126704385 312203302113020311
365428170 00221330221130021313
631478025 30021133020312203113
048561273 1130203312031120203311
142783506 00311220313
571460283 122003312120031120313
486520731 021312030213120203311
045372681 131302120302133120302131
320851746 21312203130022131203302131
061238574 11330203120213130022130311
782036541 1330202131203021312030311
014287365 13312203130203112203021331
406713825 1312200313120302113
523648071 330021203312130021203311
516738420 0213022033112003122133
751208436 03121200311203130021312031
352178406 030221130302131
482017653 031120031312021300311
746503128 3122003113002112003113
623180457 21300221130031213
617352048 3020331203112021330213
741582306 0213020331212003311
681543702 203021130312003121302203311
560273418 2213120330211300221331
156782304 302120313002113002131
562301478 3021203130212133
872051436 03130211200331212030311
380145726 2213130021312031
201745638 113021200331120203131
401627358 1312021330203122031302113
017634852 313120302121303120213031
370145628 1202133122033120302131
352148607 020312133022033122133
405218673 121330220331213020311
870261345 12021130031220312133002113
431520786 20312203311
658273401 0302211330212030312021133
413075826 312003131
817052436 033121302031120213031
123574806 20331220313
461283057 03031213022130203131
847653120 2003112200311200313122003131
516340872 220311203312203302113
864527031 3302031212003113022130203311
658432107 300212133002213031213002131
201654387 3112203021330221331220331200311
036814572 13302120311203130212003131
567018243 330221130312030212133002131
147582630 220303112203021312003311
467850312 212030311200213031122030311
018364752 3121330021130021120313
016475328 13120031302113020311
476830125 213022130021303112203031213
264183570 2203031213022130021331
631028457 1330202130312213302203311
831547206 0021133020312203113022133
438075612 3130021120031312031
803647125 12130203131202130203131
125637084 003130221313021203312031
173285460 200311202133002131
174602583 0311220303112203312031
572016348 30211302133020311
643085127 133022031213302203113
613427508 20031312021330213
702158463 21331200311202133
248706153 3120031120213002113031
067831254 33122033122133022031120313
804213765 213031120021331
402586713 3121300211302203311
583642107 00312213302021133020311
021568347 1133020312203130212133
031472856 13031212003311
435207816 3022131203021331
362501748 3022133021130022130311
347250168 02131203022113030221331
782530641 202131302120302133122030311
217058634 302133022133122033122030311
301267458 12130302213302112003113
382406157 2130031202113300212133
023875164 331120213030221331
582674031 033122033122030211300311
820713465 2120331120213031
201857364 131202130302120313021203131
736102458 30221130021312003113
052873641 331122033122033022130311
206814753 213302213312003112031
413270685 2203112033120213031
250681743 11202033122031213302120331
082641357 31312200313122033122003311
805137264 13120302213021130203131
143206785 20312133002112003311
348260715 0211300221330221313
710865342 1122003312130212030311
341725806 20033122033120311
513240687 12020312130312021330213
735184602 0302120311200331120302131
587123064 330021302213120331200311
624351780 20031220331220331213
340165728 12021313002131
578403216 2130021130031202113031
208351467 13021203113022133002131
431075862 30311220033120311
508413267 112003130211300212133
834126507 302031220312130203311
238104657 302213120313022133
485012736 0311200331221300311
271658430 02203312120031120313002131
142078635 3130203112203312031
026587431 11330212031300221133020311
562108347 021133022133020311
576841203 02130031120031220312133
854271306 02033122130203312203311
547630281 021312003122033122130203113
710854623 1212003130213122030311
461835720 20031120203311200311
835067241 133021300212031213031
407582136 211300312021331220313020311
278135460 0203112002113031
840263517 1220311300212130203311
821053674 1300311220031120331220331
264713508 2030312021313
845201673 2033121203031122003311
730824651 1120302112003131220331
210384576 22113003120213031202130311
435672108 003120211300213031213
216450783 122003130212133002131
526174830 002213130212030311
784356021 0303112031220031120031302113
124306857 2031312030221331220331
345608217 21330202113300221331
640531287 122033121302213302203113
075431862 3130212033112203302131
260875143 12213031200312021133
510763248 12213020312133
234756018 03130022133022130311
120637548 122033120213120313
264857301 3022133022133020312021313
251384760 20302120313021203131
137468250 02120313002131202133
201368457 11302031220312133002131
528310764 022133120302213302131
648017523 031312203312200331203112031
128657340 00212133022133020311
172308564 13022133020311202133
823064751 0331120031220331120203131
806534127 1302121330220312130203131
530472168 12130221300211330221300311
746250138 1202133022031120031302113
208756413 1120331203021312030221331
463271058 3003122133020312203311
532461087 303122033120021133020311
105736482 1213300221312003131
284751630 20312203031120021331
234510786 022133022130311
182530746 21203021130203311
041375826 13120033122033120311
043568712 311300212031302113002131
706358421 2131302120302131203302113
207531846 3122033122031120331
425013867 133002112033122003311
325684710 022133022130021133002131
485763201 3002113002112003113002113
238047165 1303022131203312031
031754628 31312203312002130312203311
718264503 20031312203302113002113
263150487 213020211330213
517624038 0033121200331220311200331213
781504326 1302031120203131220313020311
321574680 2030212130203130212031302113
231465807 30022113030212033112031
813570264 213022133022031213031
671854032 00331220331120031122030311
810375462 112020331221300311
846103527 20313021130221300312203311
128473605 20033112002113031
046518327 31130221302031302113
276153408 00311200211330213
384620157 2130221300311200213302131
403817265 131202130203131
378420651 12002133021120031312031
370182654 2213302131220331220331
261587304 030221331220330221313020311
134725806 3002131220331
175238406 20302113002133022113031
236078541 31300211203021313
306274185 211330022131302120331
402851637 31120312203031122003131
840265713 12203113002113022033112031
531864072 303021203311200312203311
732684015 0330211200313122003131
715863420 20312200331212030311
241085367 0331213022133022033120311
842673015 302130021303112031
250137684 2130221313021203312031
736524081 03312030212031120313
760143258 2120313122003113002113
651073842 130031220312130031120302131
630418257 21213020312133022133
631045728 302130312203113002131
702684315 130211200311200331203112031
654702138 203311202130021331200311
074651382 33112020331212003113020311
052437168 133120302211300213302131
785104362 31200211300311202133020311
215086437 033121300212133002131
583412607 20303121302021133020311
207135648 130221130312021330213
321580647 20211330203122033122133
761208534 130203122031120313
753062148 033122130021133020311
412357068 30312021330220331213
163827504 00312130021213031202133
028431675 13302121330220331213
406715328 1120031302113020311
628037154 133002211330203122133
852130746 2130022130311200311

